4.58 0.67 4
4.58 0.67 5.25
4.58 0.67 7
4.58 0.67 8
4.58 0.67 9
4.58 0.67 10
4.58 0.57 4
4.58 0.57 5.25
4.58 0.57 7
4.58 0.57 8
4.58 0.57 9
4.58 0.57 10
4.58 0.47 4
4.58 0.47 5.25
4.58 0.47 7
4.58 0.47 8
4.58 0.47 9
4.58 0.47 10
4.58 0.77 4
4.58 0.77 5.25
4.58 0.77 7
4.58 0.77 8
4.58 0.77 9
4.58 0.77 10
4.58 0.87 4
4.58 0.87 5.25
4.58 0.87 7
4.58 0.87 8
4.58 0.87 9
4.58 0.87 10
4.17 0.67 4
4.17 0.67 5.25
4.17 0.67 7
4.17 0.67 8
4.17 0.67 9
4.17 0.67 10
4.17 0.57 4
4.17 0.57 5.25
4.17 0.57 7
4.17 0.57 8
4.17 0.57 9
4.17 0.57 10
4.17 0.47 4
4.17 0.47 5.25
4.17 0.47 7
4.17 0.47 8
4.17 0.47 9
4.17 0.47 10
4.17 0.77 4
4.17 0.77 5.25
4.17 0.77 7
4.17 0.77 8
4.17 0.77 9
4.17 0.77 10
4.17 0.87 4
4.17 0.87 5.25
4.17 0.87 7
4.17 0.87 8
4.17 0.87 9
4.17 0.87 10
3.75 0.67 4
3.75 0.67 5.25
3.75 0.67 7
3.75 0.67 8
3.75 0.67 9
3.75 0.67 10
3.75 0.57 4
3.75 0.57 5.25
3.75 0.57 7
3.75 0.57 8
3.75 0.57 9
3.75 0.57 10
3.75 0.47 4
3.75 0.47 5.25
3.75 0.47 7
3.75 0.47 8
3.75 0.47 9
3.75 0.47 10
3.75 0.77 4
3.75 0.77 5.25
3.75 0.77 7
3.75 0.77 8
3.75 0.77 9
3.75 0.77 10
3.75 0.87 4
3.75 0.87 5.25
3.75 0.87 7
3.75 0.87 8
3.75 0.87 9
3.75 0.87 10
5.83 0.67 4
5.83 0.67 5.25
5.83 0.67 7
5.83 0.67 8
5.83 0.67 9
5.83 0.67 10
5.83 0.57 4
5.83 0.57 5.25
5.83 0.57 7
5.83 0.57 8
5.83 0.57 9
5.83 0.57 10
5.83 0.47 4
5.83 0.47 5.25
5.83 0.47 7
5.83 0.47 8
5.83 0.47 9
5.83 0.47 10
5.83 0.77 4
5.83 0.77 5.25
5.83 0.77 7
5.83 0.77 8
5.83 0.77 9
5.83 0.77 10
5.83 0.87 4
5.83 0.87 5.25
5.83 0.87 7
5.83 0.87 8
5.83 0.87 9
5.83 0.87 10
7.5 0.67 4
7.5 0.67 5.25
7.5 0.67 7
7.5 0.67 8
7.5 0.67 9
7.5 0.67 10
7.5 0.57 4
7.5 0.57 5.25
7.5 0.57 7
7.5 0.57 8
7.5 0.57 9
7.5 0.57 10
7.5 0.47 4
7.5 0.47 5.25
7.5 0.47 7
7.5 0.47 8
7.5 0.47 9
7.5 0.47 10
7.5 0.77 4
7.5 0.77 5.25
7.5 0.77 7
7.5 0.77 8
7.5 0.77 9
7.5 0.77 10
7.5 0.87 4
7.5 0.87 5.25
7.5 0.87 7
7.5 0.87 8
7.5 0.87 9
7.5 0.87 10